[26.0156, 13.3594, -63.9]
[25.0781, 10.0781, -63.9]
[24.6094, 7.73438, -63.9]
[26.0156, 5.39062, -63.9]
[25.0781, 3.04688, -63.9]
[26.0156, 0.703125, -63.9]
[7.26562, -1.17188, -63.9]
[16.6406, -3.04688, -63.9]
[5.39062, -3.98438, -63.9]
[11.0156, -5.39062, -63.9]
[15.2344, -6.79688, -63.9]
[18.9844, -8.20312, -63.9]
[6.79688, -9.14062, -63.9]
[11.0156, -10.5469, -63.9]
[11.9531, -11.9531, -63.9]
[17.5781, -13.8281, -63.9]
[24.1406, 14.7656, -63.45]
[28.8281, 9.60938, -63.45]
[17.1094, 2.10938, -63.45]
[20.8594, -4.45312, -63.45]
[26.0156, 15.7031, -63]
[16.6406, 10.0781, -63]
[30.2344, 3.51562, -63]
[24.6094, -1.64062, -63]
[19.4531, -11.0156, -63]
[20.3906, 16.1719, -62.55]
[33.0469, 8.67188, -62.55]
[13.8281, 0.703125, -62.55]
[21.7969, -3.51562, -62.55]
[14.7656, -13.3594, -62.55]
[21.3281, 17.5781, -62.1]
[14.7656, 10.0781, -62.1]
[8.67188, -1.64062, -62.1]
[3.04688, -4.92188, -62.1]
[8.20312, -12.8906, -62.1]
[19.9219, 18.9844, -61.65]
[-25.0781, 16.6406, -61.65]
[-26.9531, 14.7656, -61.65]
[-28.8281, 12.8906, -61.65]
[-27.8906, 10.5469, -61.65]
[-26.9531, 7.73438, -61.65]
[30.2344, -3.04688, -61.65]
[12.4219, -5.85938, -61.65]
[14.7656, -10.0781, -61.65]
[-27.4219, 21.7969, -61.2]
[30.7031, 19.4531, -61.2]
[-30.2344, 16.6406, -61.2]
[-30.2344, 12.4219, -61.2]
[-20.8594, 7.73438, -61.2]
[-26.0156, 4.92188, -61.2]
[28.8281, -4.92188, -61.2]
[24.6094, -7.73438, -61.2]
[9.60938, -11.0156, -61.2]
[18.9844, 21.3281, -60.75]
[32.1094, 17.5781, -60.75]
[-32.5781, 11.9531, -60.75]
[11.4844, 5.39062, -60.75]
[32.5781, -1.17188, -60.75]
[20.8594, -7.26562, -60.75]
[21.3281, -9.14062, -60.75]
[20.8594, 22.7344, -60.3]
[-33.0469, 18.9844, -60.3]
[36.3281, 12.4219, -60.3]
[35.3906, 5.39062, -60.3]
[-23.2031, 1.64062, -60.3]
[13.3594, -6.32812, -60.3]
[-26.9531, 25.5469, -59.85]
[32.1094, 20.8594, -59.85]
[13.3594, 14.2969, -59.85]
[-18.5156, 6.79688, -59.85]
[-28.8281, 1.64062, -59.85]
[-23.2031, -3.98438, -59.85]
[-23.2031, 26.4844, -59.4]
[-19.4531, 22.2656, -59.4]
[-17.1094, 14.7656, -59.4]
[-16.6406, 6.32812, -59.4]
[-27.8906, 0.703125, -59.4]
[-21.3281, -2.10938, -59.4]
[-27.4219, -4.45312, -59.4]
[28.8281, -8.67188, -59.4]
[-20.8594, 25.0781, -58.95]
[35.3906, 20.3906, -58.95]
[11.9531, 11.9531, -58.95]
[-14.7656, 4.45312, -58.95]
[-26.4844, -2.10938, -58.95]
[-26.0156, -7.26562, -58.95]
[20.8594, -12.8906, -58.95]
[-18.5156, 24.1406, -58.5]
[12.8906, 16.1719, -58.5]
[36.7969, 7.26562, -58.5]
[-27.8906, -0.703125, -58.5]
[-20.3906, -7.26562, -58.5]
[24.6094, -11.9531, -58.5]
[-18.9844, 26.0156, -58.05]
[-36.3281, 19.9219, -58.05]
[37.2656, 10.0781, -58.05]
[-13.3594, 1.17188, -58.05]
[31.1719, -5.85938, -58.05]
[10.0781, -10.0781, -58.05]
[11.9531, -12.4219, -58.05]
[-31.6406, 28.3594, -57.6]
[15.2344, 22.7344, -57.6]
[11.4844, 13.3594, -57.6]
[-11.4844, 3.98438, -57.6]
[6.32812, -4.45312, -57.6]
[-19.9219, -10.0781, -57.6]
[17.5781, -14.2969, -57.6]
[26.0156, 26.9531, -57.15]
[-14.2969, 20.3906, -57.15]
[-11.4844, 10.5469, -57.15]
[-31.6406, 1.64062, -57.15]
[-14.7656, -5.85938, -57.15]
[6.79688, -11.9531, -57.15]
[-22.2656, 30.7031, -56.7]
[34.9219, 24.6094, -56.7]
[11.4844, 15.2344, -56.7]
[-10.0781, 5.85938, -56.7]
[-31.6406, -2.57812, -56.7]
[-29.7656, -10.0781, -56.7]
[15.2344, -16.1719, -56.7]
[-34.9219, 26.9531, -56.25]
[38.6719, 17.1094, -56.25]
[-9.14062, 7.73438, -56.25]
[-31.6406, -0.234375, -56.25]
[30.2344, -8.20312, -56.25]
[-25.5469, -13.8281, -56.25]
[-31.6406, 30.7031, -55.8]
[-12.8906, 23.2031, -55.8]
[-36.3281, 13.3594, -55.8]
[4.45312, 3.51562, -55.8]
[2.10938, -3.98438, -55.8]
[27.8906, -11.4844, -55.8]
[8.67188, -17.1094, -55.8]
[17.5781, 27.8906, -55.35]
[38.6719, 18.5156, -55.35]
[36.7969, 8.67188, -55.35]
[-32.1094, 0.703125, -55.35]
[31.6406, -6.32812, -55.35]
[25.0781, -13.8281, -55.35]
[-22.7344, 32.5781, -54.9]
[14.7656, 26.0156, -54.9]
[-36.3281, 16.1719, -54.9]
[4.92188, 5.39062, -54.9]
[33.9844, -1.17188, -54.9]
[1.17188, -6.79688, -54.9]
[-17.1094, -13.8281, -54.9]
[-22.7344, 33.0469, -54.45]
[36.7969, 25.5469, -54.45]
[38.2031, 15.2344, -54.45]
[3.98438, 4.92188, -54.45]
[-1.64062, -0.703125, -54.45]
[-1.64062, -4.45312, -54.45]
[1.64062, -9.60938, -54.45]
[-27.4219, -16.1719, -54.45]
[22.7344, 30.7031, -54]
[-10.0781, 22.7344, -54]
[-35.3906, 11.4844, -54]
[-3.04688, 2.10938, -54]
[-1.64062, -7.26562, -54]
[-15.7031, -13.8281, -54]
[-25.5469, 33.9844, -53.55]
[-13.3594, 27.4219, -53.55]
[38.6719, 16.6406, -53.55]
[4.92188, 5.39062, -53.55]
[-33.0469, -7.73438, -53.55]
[2.57812, -13.8281, -53.55]
[13.8281, -21.3281, -53.55]
[-35.8594, 28.3594, -53.1]
[38.6719, 17.1094, -53.1]
[-3.98438, 5.85938, -53.1]
[-6.79688, -9.14062, -53.1]
[-30.7031, -15.2344, -53.1]
[-28.3594, 34.4531, -52.65]
[-36.3281, 26.9531, -52.65]
[-6.79688, 15.2344, -52.65]
[36.7969, 3.98438, -52.65]
[-2.57812, -11.0156, -52.65]
[-28.3594, -18.0469, -52.65]
[27.8906, 31.6406, -52.2]
[39.1406, 23.6719, -52.2]
[37.7344, 11.9531, -52.2]
[34.9219, -0.234375, -52.2]
[26.0156, -13.8281, -52.2]
[15.7031, -20.8594, -52.2]
[15.7031, 30.2344, -51.75]
[-6.79688, 19.4531, -51.75]
[-4.45312, 7.73438, -51.75]
[29.7656, -9.14062, -51.75]
[20.8594, -18.0469, -51.75]
[-19.4531, 33.9844, -51.3]
[11.4844, 26.0156, -51.3]
[11.0156, 14.2969, -51.3]
[37.7344, 3.98438, -51.3]
[-1.64062, -13.8281, -51.3]
[-24.6094, -20.8594, -51.3]
[31.1719, 31.1719, -50.85]
[11.0156, 20.8594, -50.85]
[8.67188, 9.14062, -50.85]
[32.1094, -6.32812, -50.85]
[3.04688, -18.0469, -50.85]
[-30.7031, 34.9219, -50.4]
[-9.14062, 27.4219, -50.4]
[-7.26562, 15.7031, -50.4]
[1.17188, 4.92188, -50.4]
[-7.26562, -14.2969, -50.4]
[-24.6094, -21.3281, -50.4]
[17.1094, 32.1094, -49.95]
[11.0156, 21.7969, -49.95]
[8.67188, 10.0781, -49.95]
[-33.9844, -4.92188, -49.95]
[-31.1719, -18.5156, -49.95]
[-31.6406, 35.3906, -49.5]
[38.2031, 27.4219, -49.5]
[38.2031, 15.7031, -49.5]
[0.234375, 5.39062, -49.5]
[-3.51562, -15.2344, -49.5]
[-23.2031, -22.2656, -49.5]
[31.6406, 32.1094, -49.05]
[-34.9219, 22.2656, -49.05]
[-36.7969, 10.5469, -49.05]
[-34.4531, -4.45312, -49.05]
[-12.8906, -18.9844, -49.05]
[-20.3906, 35.8594, -48.6]
[37.7344, 28.3594, -48.6]
[-36.7969, 17.1094, -48.6]
[-36.3281, 6.32812, -48.6]
[24.6094, -15.7031, -48.6]
[-21.7969, -22.7344, -48.6]
[17.1094, 33.0469, -48.15]
[-8.67188, 23.2031, -48.15]
[-5.39062, 11.4844, -48.15]
[34.9219, -3.98438, -48.15]
[1.64062, -19.4531, -48.15]
[-28.3594, 36.3281, -47.7]
[-9.60938, 29.2969, -47.7]
[11.0156, 17.5781, -47.7]
[39.6094, 6.32812, -47.7]
[-33.0469, -15.2344, -47.7]
[-20.8594, -23.2031, -47.7]
[17.1094, 33.5156, -47.25]
[-8.67188, 23.6719, -47.25]
[-5.39062, 11.9531, -47.25]
[35.3906, -3.98438, -47.25]
[1.64062, -19.9219, -47.25]
[-26.4844, 36.3281, -46.8]
[11.9531, 29.7656, -46.8]
[11.0156, 18.0469, -46.8]
[-37.7344, 7.26562, -46.8]
[-33.5156, -14.2969, -46.8]
[7.26562, -23.6719, -46.8]
[18.5156, 33.9844, -46.35]
[10.5469, 24.6094, -46.35]
[8.20312, 12.8906, -46.35]
[36.7969, -2.10938, -46.35]
[-9.60938, -19.4531, -46.35]
[-21.3281, 36.3281, -45.9]
[12.8906, 31.1719, -45.9]
[-8.20312, 19.9219, -45.9]
[39.6094, 8.20312, -45.9]
[28.3594, -11.4844, -45.9]
[-30.7031, -22.7344, -45.9]
[22.7344, 34.4531, -45.45]
[-33.5156, 26.9531, -45.45]
[9.60938, 15.2344, -45.45]
[39.6094, 2.10938, -45.45]
[21.7969, -18.9844, -45.45]
[-26.9531, -25.0781, -45.45]
[-12.8906, 33.0469, -45]
[11.4844, 22.2656, -45]
[-39.1406, 11.0156, -45]
[33.5156, -6.79688, -45]
[2.10938, -21.7969, -45]
[-29.2969, 36.3281, -44.55]
[-34.9219, 29.7656, -44.55]
[-6.79688, 18.0469, -44.55]
[-38.2031, 7.26562, -44.55]
[-33.0469, -15.7031, -44.55]
[-18.5156, -24.6094, -44.55]
[17.5781, 34.4531, -44.1]
[-33.0469, 25.0781, -44.1]
[39.6094, 13.3594, -44.1]
[-35.8594, -1.64062, -44.1]
[19.9219, -20.8594, -44.1]
[-18.9844, 36.3281, -43.65]
[35.8594, 31.6406, -43.65]
[39.1406, 20.3906, -43.65]
[39.6094, 9.14062, -43.65]
[28.8281, -11.9531, -43.65]
[-14.7656, -23.6719, -43.65]
[21.3281, 34.9219, -43.2]
[10.0781, 26.9531, -43.2]
[-39.6094, 15.7031, -43.2]
[-36.7969, 1.17188, -43.2]
[-2.57812, -20.3906, -43.2]
[10.5469, -26.4844, -43.2]
[33.9844, 32.5781, -42.75]
[39.1406, 21.7969, -42.75]
[39.6094, 10.5469, -42.75]
[31.6406, -9.60938, -42.75]
[-12.8906, -23.2031, -42.75]
[22.7344, 35.3906, -42.3]
[-33.0469, 28.8281, -42.3]
[-4.92188, 17.1094, -42.3]
[40.5469, 3.51562, -42.3]
[21.7969, -19.4531, -42.3]
[-28.8281, -26.0156, -42.3]
[-14.2969, 33.9844, -41.85]
[-8.20312, 23.6719, -41.85]
[4.92188, 12.4219, -41.85]
[-35.3906, -5.85938, -41.85]
[1.17188, -22.7344, -41.85]
[-26.0156, 36.3281, -41.4]
[-33.0469, 30.7031, -41.4]
[-38.2031, 18.9844, -41.4]
[40.0781, 6.79688, -41.4]
[25.5469, -16.1719, -41.4]
[-16.1719, -25.5469, -41.4]
[18.5156, 34.4531, -40.95]
[39.6094, 25.0781, -40.95]
[-2.57812, 13.8281, -40.95]
[36.3281, -4.45312, -40.95]
[-31.1719, -22.2656, -40.95]
[-21.7969, 36.3281, -40.5]
[11.9531, 31.1719, -40.5]
[38.6719, 19.4531, -40.5]
[39.6094, 8.20312, -40.5]
[-33.5156, -14.7656, -40.5]
[12.4219, -25.5469, -40.5]
[19.9219, 34.4531, -40.05]
[-8.20312, 26.0156, -40.05]
[6.32812, 14.2969, -40.05]
[-36.3281, -2.57812, -40.05]
[-7.73438, -22.2656, -40.05]
[-18.9844, 36.3281, -39.6]
[35.8594, 31.6406, -39.6]
[38.6719, 20.3906, -39.6]
[-40.0781, 9.14062, -39.6]
[27.8906, -14.2969, -39.6]
[12.8906, -25.5469, -39.6]
[20.3906, 34.4531, -39.15]
[39.6094, 26.0156, -39.15]
[6.79688, 14.7656, -39.15]
[36.7969, -3.98438, -39.15]
[-7.73438, -22.7344, -39.15]
[-21.3281, 36.3281, -38.7]
[35.8594, 31.1719, -38.7]
[-6.32812, 19.9219, -38.7]
[40.0781, 5.85938, -38.7]
[25.0781, -17.1094, -38.7]
[9.14062, -26.0156, -38.7]
[-14.2969, 33.9844, -38.25]
[39.1406, 24.6094, -38.25]
[3.51562, 14.2969, -38.25]
[-35.8594, -7.73438, -38.25]
[-30.2344, -23.6719, -38.25]
[-28.8281, 36.3281, -37.8]
[38.2031, 29.2969, -37.8]
[39.1406, 17.5781, -37.8]
[-38.2031, 1.64062, -37.8]
[-31.1719, -21.3281, -37.8]
[-20.3906, -27.8906, -37.8]
[32.1094, 32.5781, -37.35]
[11.4844, 22.2656, -37.35]
[40.5469, 10.5469, -37.35]
[29.2969, -12.8906, -37.35]
[-12.4219, -25.0781, -37.35]
[19.9219, 33.9844, -36.9]
[-8.20312, 26.4844, -36.9]
[-41.4844, 15.7031, -36.9]
[36.3281, -4.92188, -36.9]
[-5.85938, -23.6719, -36.9]
[-24.1406, 36.3281, -36.45]
[11.4844, 30.2344, -36.45]
[9.60938, 18.5156, -36.45]
[-38.6719, 3.04688, -36.45]
[21.7969, -19.9219, -36.45]
[-17.5781, -26.9531, -36.45]
[30.2344, 32.5781, -36]
[38.2031, 22.2656, -36]
[-40.5469, 10.0781, -36]
[28.8281, -13.3594, -36]
[13.3594, -25.5469, -36]
[24.6094, 33.5156, -35.55]
[-35.3906, 26.0156, -35.55]
[2.57812, 15.7031, -35.55]
[34.9219, -6.79688, -35.55]
[-6.79688, -24.1406, -35.55]
[-20.3906, 35.8594, -35.1]
[-33.0469, 29.2969, -35.1]
[-3.04688, 17.5781, -35.1]
[39.6094, -0.234375, -35.1]
[-30.2344, -22.7344, -35.1]
[-23.2031, -27.8906, -35.1]
[33.9844, 31.1719, -34.65]
[-38.2031, 20.3906, -34.65]
[41.0156, 5.39062, -34.65]
[24.6094, -17.5781, -34.65]
[-13.8281, -26.0156, -34.65]
[-14.2969, 32.5781, -34.2]
[-36.7969, 23.2031, -34.2]
[-41.0156, 11.4844, -34.2]
[-34.9219, -11.9531, -34.2]
[-10.5469, -25.0781, -34.2]
[21.7969, 33.0469, -33.75]
[38.2031, 25.0781, -33.75]
[40.5469, 15.7031, -33.75]
[33.9844, -7.73438, -33.75]
[4.92188, -24.6094, -33.75]
[-29.7656, 34.4531, -33.3]
[11.0156, 26.9531, -33.3]
[-0.234375, 16.6406, -33.3]
[36.3281, -3.98438, -33.3]
[-0.234375, -24.1406, -33.3]
[-25.0781, 35.3906, -32.85]
[-9.60938, 28.8281, -32.85]
[39.6094, 17.5781, -32.85]
[39.1406, -0.234375, -32.85]
[18.5156, -23.2031, -32.85]
[-26.4844, -27.4219, -32.85]
[33.5156, 29.7656, -32.4]
[39.1406, 18.5156, -32.4]
[-38.2031, 3.04688, -32.4]
[21.3281, -20.3906, -32.4]
[-18.9844, -26.9531, -32.4]
[-32.5781, 30.7031, -31.95]
[-37.7344, 19.9219, -31.95]
[-39.1406, 5.85938, -31.95]
[23.6719, -17.5781, -31.95]
[-14.2969, -26.0156, -31.95]
[28.8281, 30.7031, -31.5]
[-36.7969, 20.8594, -31.5]
[-39.6094, 7.26562, -31.5]
[25.0781, -16.1719, -31.5]
[10.0781, -26.0156, -31.5]
[17.1094, 30.7031, -31.05]
[35.8594, 20.8594, -31.05]
[-39.6094, 8.67188, -31.05]
[26.4844, -14.7656, -31.05]
[13.3594, -26.0156, -31.05]
[18.0469, 30.7031, -30.6]
[-8.20312, 21.3281, -30.6]
[-39.6094, 9.60938, -30.6]
[-33.9844, -13.8281, -30.6]
[-13.3594, -25.5469, -30.6]
[-13.3594, 30.7031, -30.15]
[34.9219, 21.3281, -30.15]
[41.0156, 10.0781, -30.15]
[27.4219, -13.3594, -30.15]
[6.32812, -25.5469, -30.15]
[19.4531, 30.2344, -29.7]
[34.4531, 20.8594, -29.7]
[-39.6094, 10.5469, -29.7]
[-34.4531, -12.8906, -29.7]
[6.79688, -25.5469, -29.7]
[19.9219, 29.7656, -29.25]
[-8.67188, 20.8594, -29.25]
[-39.6094, 10.0781, -29.25]
[-33.9844, -13.3594, -29.25]
[6.79688, -25.5469, -29.25]
[26.9531, 29.2969, -28.8]
[-36.3281, 20.8594, -28.8]
[-39.6094, 10.5469, -28.8]
[27.4219, -12.8906, -28.8]
[7.73438, -25.5469, -28.8]
[-12.8906, 29.2969, -28.35]
[12.4219, 19.9219, -28.35]
[-39.6094, 11.0156, -28.35]
[-34.4531, -12.4219, -28.35]
[-27.4219, -25.0781, -28.35]
[26.4844, 28.8281, -27.9]
[33.0469, 21.7969, -27.9]
[0.234375, 15.7031, -27.9]
[-35.3906, -6.32812, -27.9]
[14.7656, -24.6094, -27.9]
[-15.7031, 30.2344, -27.45]
[-33.0469, 24.6094, -27.45]
[37.2656, 16.1719, -27.45]
[-36.7969, 1.64062, -27.45]
[-30.7031, -21.3281, -27.45]
[-25.0781, -26.4844, -27.45]
[27.8906, 26.4844, -27]
[32.5781, 18.0469, -27]
[40.0781, 11.4844, -27]
[-34.4531, -11.4844, -27]
[5.39062, -25.0781, -27]
[20.3906, 27.4219, -26.55]
[31.1719, 21.7969, -26.55]
[37.7344, 14.7656, -26.55]
[-35.8594, -2.57812, -26.55]
[-3.98438, -23.2031, -26.55]
[-24.6094, 30.7031, -26.1]
[14.7656, 24.6094, -26.1]
[-38.2031, 17.5781, -26.1]
[39.6094, 11.4844, -26.1]
[26.9531, -11.9531, -26.1]
[5.85938, -25.0781, -26.1]
[19.9219, 26.0156, -25.65]
[14.2969, 21.3281, -25.65]
[-3.98438, 14.7656, -25.65]
[38.2031, 3.51562, -25.65]
[19.9219, -19.4531, -25.65]
[-26.0156, -26.0156, -25.65]
[25.0781, 24.6094, -25.2]
[15.2344, 20.8594, -25.2]
[-37.2656, 15.2344, -25.2]
[-36.7969, 6.79688, -25.2]
[-32.1094, -16.6406, -25.2]
[-15.2344, -25.5469, -25.2]
[18.0469, 25.0781, -24.75]
[-13.3594, 22.7344, -24.75]
[28.3594, 16.6406, -24.75]
[6.32812, 12.8906, -24.75]
[31.1719, -5.85938, -24.75]
[12.8906, -24.1406, -24.75]
[-22.2656, 27.8906, -24.3]
[-14.2969, 23.2031, -24.3]
[-31.1719, 21.3281, -24.3]
[26.0156, 17.1094, -24.3]
[0.703125, 12.8906, -24.3]
[33.0469, -3.04688, -24.3]
[-4.92188, -23.2031, -24.3]
[-21.7969, 26.9531, -23.85]
[-24.6094, 23.2031, -23.85]
[-30.2344, 19.4531, -23.85]
[17.5781, 16.1719, -23.85]
[6.79688, 11.9531, -23.85]
[-34.4531, -6.79688, -23.85]
[1.17188, -24.1406, -23.85]
[-17.5781, 23.2031, -23.4]
[22.2656, 17.1094, -23.4]
[-5.85938, 13.3594, -23.4]
[37.2656, 4.92188, -23.4]
[19.9219, -18.0469, -23.4]
[-18.5156, -26.0156, -23.4]
[-32.5781, 16.1719, -22.95]
[11.4844, 11.9531, -22.95]
[-34.4531, -3.04688, -22.95]
[-28.3594, -23.2031, -22.95]
[-17.5781, 19.9219, -22.5]
[-7.73438, 13.3594, -22.5]
[36.3281, 4.92188, -22.5]
[19.4531, -18.0469, -22.5]
[-18.0469, -26.0156, -22.5]
[21.3281, 13.8281, -22.05]
[5.39062, 10.5469, -22.05]
[-33.5156, -9.14062, -22.05]
[-11.0156, -24.1406, -22.05]
[-10.0781, 13.8281, -21.6]
[12.4219, 11.0156, -21.6]
[-33.9844, -3.04688, -21.6]
[-6.32812, -23.2031, -21.6]
[-27.4219, 17.1094, -21.15]
[15.2344, 11.0156, -21.15]
[-33.5156, 0.234375, -21.15]
[13.3594, -22.2656, -21.15]
[-23.2031, 18.0469, -20.7]
[32.5781, 10.5469, -20.7]
[-33.5156, 0.234375, -20.7]
[14.7656, -21.3281, -20.7]
[-20.8594, 17.5781, -20.25]
[-32.1094, 10.5469, -20.25]
[-33.5156, -0.234375, -20.25]
[14.2969, -21.3281, -20.25]
[-21.3281, 17.1094, -19.8]
[0.703125, 10.0781, -19.8]
[30.2344, 1.64062, -19.8]
[-30.2344, -17.1094, -19.8]
[-23.6719, -25.5469, -19.8]
[17.5781, 10.0781, -19.35]
[-32.5781, 4.45312, -19.35]
[-32.1094, -11.0156, -19.35]
[-11.4844, -24.1406, -19.35]
[-1.17188, 10.5469, -18.9]
[33.0469, 6.32812, -18.9]
[-0.234375, -7.73438, -18.9]
[-7.73438, -23.2031, -18.9]
[-28.8281, 13.3594, -18.45]
[33.5156, 8.20312, -18.45]
[27.4219, 0.703125, -18.45]
[23.6719, -11.4844, -18.45]
[-10.0781, -24.1406, -18.45]
[12.4219, 10.0781, -18]
[25.5469, 5.39062, -18]
[-2.10938, -8.67188, -18]
[-3.98438, -23.2031, -18]
[-28.3594, 13.3594, -17.55]
[25.0781, 5.39062, -17.55]
[-31.6406, -8.20312, -17.55]
[-5.85938, -22.7344, -17.55]
[-26.4844, 14.2969, -17.1]
[22.7344, 5.85938, -17.1]
[-6.79688, -7.73438, -17.1]
[-27.8906, -20.8594, -17.1]
[-18.0469, 14.7656, -16.65]
[18.9844, 7.73438, -16.65]
[24.6094, -6.79688, -16.65]
[-28.8281, -18.0469, -16.65]
[-20.3906, -26.0156, -16.65]
[4.92188, 8.20312, -16.2]
[-3.51562, -4.92188, -16.2]
[-30.2344, -12.8906, -16.2]
[-13.3594, -24.6094, -16.2]
[15.7031, 8.67188, -15.75]
[-3.04688, -3.51562, -15.75]
[-0.703125, -11.9531, -15.75]
[0.234375, -24.1406, -15.75]
[11.4844, 9.14062, -15.3]
[-0.234375, -3.04688, -15.3]
[-7.26562, -11.4844, -15.3]
[2.10938, -24.1406, -15.3]
[10.5469, 9.14062, -14.85]
[-4.92188, -2.57812, -14.85]
[-1.64062, -11.9531, -14.85]
[-0.703125, -24.1406, -14.85]
[12.4219, 8.67188, -14.4]
[22.7344, -3.51562, -14.4]
[-30.2344, -12.4219, -14.4]
[-10.5469, -24.1406, -14.4]
[-28.8281, 8.67188, -13.95]
[-2.10938, -3.51562, -13.95]
[-3.04688, -13.3594, -13.95]
[-23.6719, -24.6094, -13.95]
[14.2969, 7.73438, -13.5]
[-1.17188, -5.39062, -13.5]
[-28.3594, -17.5781, -13.5]
[-18.9844, 13.3594, -13.05]
[-29.2969, 6.79688, -13.05]
[-0.234375, -7.26562, -13.05]
[9.60938, -21.3281, -13.05]
[-24.6094, 11.9531, -12.6]
[-30.2344, 2.57812, -12.6]
[-30.2344, -9.60938, -12.6]
[-4.92188, -23.6719, -12.6]
[-8.20312, 9.60938, -12.15]
[-3.04688, -1.64062, -12.15]
[-4.92188, -12.4219, -12.15]
[-3.98438, -24.1406, -12.15]
[8.20312, 7.73438, -11.7]
[-1.17188, -4.92188, -11.7]
[15.7031, -16.1719, -11.7]
[-19.9219, -25.5469, -11.7]
[-28.8281, 6.32812, -11.25]
[19.9219, -7.73438, -11.25]
[-26.4844, -20.8594, -11.25]
[-13.8281, 11.0156, -10.8]
[-30.2344, 0.703125, -10.8]
[-8.67188, -9.60938, -10.8]
[3.04688, -23.6719, -10.8]
[-7.73438, 9.14062, -10.35]
[-1.17188, -2.10938, -10.35]
[-8.67188, -11.0156, -10.35]
[0.234375, -24.1406, -10.35]
[-3.04688, 7.73438, -9.9]
[-30.2344, -3.51562, -9.9]
[-7.73438, -12.4219, -9.9]
[-11.4844, -24.1406, -9.9]
[11.4844, 6.32812, -9.45]
[-0.234375, -5.39062, -9.45]
[-28.3594, -14.2969, -9.45]
[-17.1094, -25.5469, -9.45]
[13.3594, 5.39062, -9]
[3.51562, -7.26562, -9]
[-26.9531, -18.5156, -9]
[-15.7031, 11.0156, -8.55]
[-29.2969, 1.17188, -8.55]
[-29.2969, -8.67188, -8.55]
[4.92188, -22.7344, -8.55]
[-26.0156, 9.14062, -8.1]
[-29.7656, -2.10938, -8.1]
[-1.17188, -11.4844, -8.1]
[-5.85938, -24.1406, -8.1]
[1.17188, 6.32812, -7.65]
[-29.7656, -4.92188, -7.65]
[-28.3594, -14.2969, -7.65]
[-18.0469, -25.5469, -7.65]
[13.8281, 3.51562, -7.2]
[17.1094, -8.67188, -7.2]
[-25.0781, -22.2656, -7.2]
[-8.20312, 8.67188, -6.75]
[-6.32812, -3.04688, -6.75]
[-2.10938, -12.8906, -6.75]
[-11.9531, -24.6094, -6.75]
[4.45312, 5.39062, -6.3]
[-29.2969, -7.26562, -6.3]
[-26.0156, -19.9219, -6.3]
[-12.8906, 9.60938, -5.85]
[15.7031, -2.57812, -5.85]
[-1.64062, -11.9531, -5.85]
[-5.85938, -24.6094, -5.85]
[3.04688, 5.39062, -5.4]
[2.57812, -6.79688, -5.4]
[9.14062, -19.9219, -5.4]
[-13.8281, 9.60938, -4.95]
[-29.2969, -2.10938, -4.95]
[-8.67188, -11.9531, -4.95]
[-4.92188, -24.6094, -4.95]
[1.64062, 5.39062, -4.5]
[2.57812, -6.32812, -4.5]
[11.4844, -17.5781, -4.5]
[-16.1719, 10.0781, -4.05]
[-4.45312, -1.64062, -4.05]
[-28.8281, -10.0781, -4.05]
[1.17188, -23.6719, -4.05]
[-26.4844, 7.26562, -3.6]
[-11.0156, -4.45312, -3.6]
[13.8281, -13.3594, -3.6]
[-11.9531, -25.0781, -3.6]
[9.14062, 3.51562, -3.15]
[3.04688, -7.26562, -3.15]
[-26.4844, -18.0469, -3.15]
[-14.2969, 9.60938, -2.7]
[-3.04688, -2.10938, -2.7]
[-28.8281, -10.5469, -2.7]
[-0.703125, -24.1406, -2.7]
[-2.57812, 6.32812, -2.25]
[-11.4844, -4.92188, -2.25]
[-4.45312, -13.8281, -2.25]
[-14.2969, -25.5469, -2.25]
[-28.3594, 1.64062, -1.8]
[-10.5469, -7.73438, -1.8]
[7.26562, -20.3906, -1.8]
[-11.9531, 8.67188, -1.35]
[-11.0156, -2.57812, -1.35]
[0.703125, -10.0781, -1.35]
[0.234375, -23.6719, -1.35]
[-2.57812, 6.32812, -0.899997]
[-28.8281, -4.45312, -0.899997]
[13.3594, -12.4219, -0.899997]
[-20.8594, -24.6094, -0.899997]
[2.57812, 4.45312, -0.449997]
[-11.9531, -6.32812, -0.449997]
[-11.0156, -13.8281, -0.449997]
[-15.7031, -25.5469, -0.449997]
[11.0156, 0.234375, 2.74181e-06]
[-11.4844, -8.20312, 2.74181e-06]
[9.14062, -18.5156, 2.74181e-06]
[-22.2656, 9.14062, 0.450003]
[-28.3594, -2.10938, 0.450003]
[-28.3594, -11.0156, 0.450003]
[-2.10938, -24.1406, 0.450003]
[-0.703125, 5.39062, 0.900003]
[-12.8906, -4.92188, 0.900003]
[-27.8906, -13.8281, 0.900003]
[-17.1094, -25.5469, 0.900003]
[-5.39062, -0.234375, 1.35]
[-15.2344, -9.14062, 1.35]
[-24.1406, -21.7969, 1.35]
[-6.79688, 7.26562, 1.8]
[-28.3594, -3.98438, 1.8]
[-4.92188, -13.3594, 1.8]
[-11.0156, -25.5469, 1.8]
[-27.4219, 1.64062, 2.25]
[-28.3594, -7.73438, 2.25]
[-25.5469, -19.4531, 2.25]
[-10.5469, 8.20312, 2.7]
[-11.0156, -3.04688, 2.7]
[11.9531, -12.8906, 2.7]
[-7.73438, -25.0781, 2.7]
[6.32812, 2.57812, 3.15]
[2.57812, -7.26562, 3.15]
[8.67188, -18.5156, 3.15]
[-22.7344, 8.67188, 3.6]
[-28.3594, -2.57812, 3.6]
[-1.17188, -12.4219, 3.6]
[-6.32812, -25.0781, 3.6]
[3.98438, 3.04688, 4.05]
[11.9531, -7.26562, 4.05]
[-26.4844, -18.0469, 4.05]
[-10.5469, 8.20312, 4.5]
[10.5469, -3.04688, 4.5]
[-12.8906, -12.8906, 4.5]
[-18.9844, -25.0781, 4.5]
[-26.9531, 2.10938, 4.95]
[11.9531, -8.67188, 4.95]
[4.92188, -21.3281, 4.95]
[-8.67188, 7.26562, 5.4]
[-28.3594, -3.98438, 5.4]
[-9.14062, -13.8281, 5.4]
[-14.7656, -26.0156, 5.4]
[-3.04688, -0.703125, 5.85]
[-28.3594, -11.0156, 5.85]
[-21.3281, -24.1406, 5.85]
[1.64062, 3.98438, 6.3]
[-16.1719, -6.79688, 6.3]
[7.73438, -18.5156, 6.3]
[-13.3594, 8.20312, 6.75]
[-27.8906, -3.04688, 6.75]
[-1.64062, -13.3594, 6.75]
[-11.9531, -25.5469, 6.75]
[-3.98438, 0.234375, 7.2]
[-28.3594, -9.60938, 7.2]
[0.703125, -23.2031, 7.2]
[-2.57812, 5.39062, 7.65]
[0.234375, -5.85938, 7.65]
[-26.9531, -16.1719, 7.65]
[-21.7969, 8.67188, 8.1]
[9.14062, -3.04688, 8.1]
[-3.98438, -12.8906, 8.1]
[-8.67188, -25.5469, 8.1]
[-5.39062, 0.703125, 8.55]
[10.5469, -9.14062, 8.55]
[3.51562, -21.7969, 8.55]
[-5.85938, 6.32812, 9]
[-15.7031, -4.92188, 9]
[-8.20312, -13.8281, 9]
[-16.6406, 8.67188, 9.45]
[7.73438, -1.64062, 9.45]
[-0.234375, -11.9531, 9.45]
[-20.3906, -24.6094, 9.45]
[-26.4844, 2.57812, 9.9]
[-16.1719, -8.20312, 9.9]
[4.92188, -20.8594, 9.9]
[-8.20312, 6.79688, 10.35]
[9.14062, -4.92188, 10.35]
[-11.0156, -13.8281, 10.35]
[-12.4219, 8.20312, 10.8]
[-3.04688, -2.10938, 10.8]
[-2.10938, -12.4219, 10.8]
[-18.9844, -25.0781, 10.8]
[4.45312, 1.17188, 11.25]
[-28.3594, -8.67188, 11.25]
[-23.6719, -22.2656, 11.25]
[-3.04688, 5.39062, 11.7]
[-16.1719, -5.85938, 11.7]
[8.20312, -16.1719, 11.7]
[-19.4531, 8.20312, 12.15]
[8.20312, -3.51562, 12.15]
[9.14062, -13.3594, 12.15]
[-10.0781, -26.0156, 12.15]
[-9.60938, -0.703125, 12.6]
[-0.234375, -10.5469, 12.6]
[-1.64062, -24.1406, 12.6]
[-0.234375, 3.51562, 13.05]
[-28.3594, -6.79688, 13.05]
[-26.9531, -17.1094, 13.05]
[-11.0156, 7.73438, 13.5]
[-14.2969, -3.98438, 13.5]
[-6.79688, -13.3594, 13.5]
[-12.8906, -26.0156, 13.5]
[-5.39062, -1.17188, 13.95]
[-15.2344, -10.5469, 13.95]
[-3.04688, -24.1406, 13.95]
[-25.5469, 3.04688, 14.4]
[-2.57812, -8.20312, 14.4]
[-25.5469, -19.9219, 14.4]
[-6.32812, 6.32812, 14.85]
[-27.8906, -5.39062, 14.85]
[-9.14062, -14.2969, 14.85]
[-16.6406, 8.20312, 15.3]
[-13.3594, -3.04688, 15.3]
[-13.8281, -12.4219, 15.3]
[-11.0156, -26.0156, 15.3]
[-10.5469, -0.703125, 15.75]
[8.67188, -11.0156, 15.75]
[-3.51562, -24.6094, 15.75]
[-26.0156, 2.10938, 16.2]
[-28.3594, -8.67188, 16.2]
[-24.1406, -21.7969, 16.2]
[-3.51562, 4.92188, 16.65]
[-2.57812, -6.79688, 16.65]
[-26.4844, -18.0469, 16.65]
[-10.5469, 7.26562, 17.1]
[-15.7031, -4.45312, 17.1]
[-9.60938, -14.7656, 17.1]
[-17.1094, 8.20312, 17.55]
[-3.04688, -3.51562, 17.55]
[-27.8906, -13.8281, 17.55]
[-14.2969, -26.4844, 17.55]
[5.39062, -2.10938, 18]
[7.73438, -13.3594, 18]
[-10.5469, -26.0156, 18]
[-26.9531, -0.703125, 18.45]
[-14.7656, -11.9531, 18.45]
[-7.26562, -25.5469, 18.45]
[3.51562, -0.234375, 18.9]
[7.73438, -11.0156, 18.9]
[-4.45312, -24.6094, 18.9]
[2.10938, 0.703125, 19.35]
[-28.3594, -9.60938, 19.35]
[-1.64062, -23.6719, 19.35]
[-0.234375, 2.57812, 19.8]
[-16.1719, -8.20312, 19.8]
[2.57812, -21.3281, 19.8]
[-23.6719, 5.39062, 20.25]
[-27.8906, -6.32812, 20.25]
[-26.9531, -17.5781, 20.25]
[-21.7969, 7.26562, 20.7]
[-2.10938, -4.92188, 20.7]
[-10.5469, -15.2344, 20.7]
[-21.3281, 8.20312, 21.15]
[5.39062, -3.98438, 21.15]
[6.32812, -14.2969, 21.15]
[-19.9219, 8.67188, 21.6]
[4.92188, -3.04688, 21.6]
[6.79688, -13.3594, 21.6]
[-16.6406, -26.0156, 21.6]
[-26.9531, -1.64062, 22.05]
[-6.79688, -12.4219, 22.05]
[-10.0781, -26.0156, 22.05]
[-4.92188, -1.17188, 22.5]
[6.79688, -11.9531, 22.5]
[-8.67188, -25.5469, 22.5]
[2.57812, -0.703125, 22.95]
[-28.3594, -11.0156, 22.95]
[-5.85938, -25.0781, 22.95]
[-9.14062, 0.234375, 23.4]
[-2.57812, -10.5469, 23.4]
[-3.04688, -24.1406, 23.4]
[0.703125, 1.17188, 23.85]
[-28.3594, -9.14062, 23.85]
[-1.64062, -23.2031, 23.85]
[-25.0781, 2.57812, 24.3]
[-16.6406, -8.67188, 24.3]
[-23.6719, -22.2656, 24.3]
[-24.6094, 3.51562, 24.75]
[6.32812, -8.67188, 24.75]
[-0.234375, -22.7344, 24.75]
[-2.10938, 3.04688, 25.2]
[5.85938, -8.67188, 25.2]
[-23.6719, -22.2656, 25.2]
[-24.6094, 3.51562, 25.65]
[-17.1094, -8.20312, 25.65]
[0.703125, -21.7969, 25.65]
[-3.51562, 3.98438, 26.1]
[-3.04688, -7.73438, 26.1]
[-25.0781, -20.8594, 26.1]
[-4.45312, 4.45312, 26.55]
[-3.04688, -7.73438, 26.55]
[2.10938, -20.8594, 26.55]
[-3.98438, 4.45312, 27]
[-17.5781, -7.73438, 27]
[-25.0781, -20.8594, 27]
[-23.6719, 4.45312, 27.45]
[-28.3594, -7.73438, 27.45]
[-24.1406, -21.7969, 27.45]
[-24.6094, 3.51562, 27.9]
[-28.3594, -8.20312, 27.9]
[0.234375, -21.7969, 27.9]
[-24.6094, 3.51562, 28.35]
[5.39062, -8.67188, 28.35]
[-0.234375, -22.2656, 28.35]
[-24.6094, 3.04688, 28.8]
[-17.5781, -8.67188, 28.8]
[-1.17188, -22.7344, 28.8]
[-1.64062, 2.10938, 29.25]
[4.92188, -9.14062, 29.25]
[-23.6719, -22.2656, 29.25]
[-25.0781, 2.57812, 29.7]
[4.92188, -9.14062, 29.7]
[-23.6719, -22.2656, 29.7]
[-25.0781, 2.57812, 30.15]
[-2.57812, -9.14062, 30.15]
[-1.64062, -22.7344, 30.15]
[-25.5469, 2.10938, 30.6]
[-28.3594, -9.14062, 30.6]
[-2.10938, -23.2031, 30.6]
[-25.5469, 1.64062, 31.05]
[4.92188, -9.60938, 31.05]
[-2.10938, -23.2031, 31.05]
[-25.5469, 1.64062, 31.5]
[-2.57812, -9.60938, 31.5]
[-2.57812, -23.2031, 31.5]
[-0.703125, 1.17188, 31.95]
[-16.6406, -9.60938, 31.95]
[-22.7344, -23.2031, 31.95]
[-26.0156, 0.703125, 32.4]
[-28.3594, -10.0781, 32.4]
[-5.39062, -24.1406, 32.4]
[-26.4844, 0.234375, 32.85]
[-3.51562, -11.0156, 32.85]
[-19.9219, -24.6094, 32.85]
[0.703125, -0.703125, 33.3]
[4.45312, -11.4844, 33.3]
[-8.67188, -25.5469, 33.3]
[-11.9531, -1.17188, 33.75]
[-5.85938, -11.9531, 33.75]
[-10.5469, -25.5469, 33.75]
[-12.4219, -1.64062, 34.2]
[-14.7656, -12.4219, 34.2]
[-18.5156, -25.5469, 34.2]
[-6.32812, -2.10938, 34.65]
[-5.39062, -12.8906, 34.65]
[-12.8906, -26.0156, 34.65]
[-13.3594, -2.57812, 35.1]
[-28.3594, -12.8906, 35.1]
[-13.8281, -26.0156, 35.1]
[-14.7656, -2.57812, 35.55]
[-13.3594, -13.3594, 35.55]
[-16.1719, -26.0156, 35.55]
[-15.7031, -3.04688, 36]
[-7.73438, -13.8281, 36]
[-18.9844, 8.67188, 36.45]
[-27.8906, -3.51562, 36.45]
[-10.0781, -14.2969, 36.45]
[-12.8906, 7.73438, 36.9]
[-3.98438, -4.45312, 36.9]
[-28.3594, -14.2969, 36.9]
[-11.4844, 7.26562, 37.35]
[-27.8906, -4.92188, 37.35]
[3.04688, -15.7031, 37.35]
[-10.0781, 6.79688, 37.8]
[-18.5156, -5.85938, 37.8]
[-27.4219, -17.1094, 37.8]
[-8.20312, 5.85938, 38.25]
[-28.3594, -6.79688, 38.25]
[1.17188, -19.4531, 38.25]
[-23.6719, 4.45312, 38.7]
[-28.3594, -7.73438, 38.7]
[-25.0781, -20.8594, 38.7]
[-3.04688, 2.57812, 39.15]
[-18.5156, -8.67188, 39.15]
[-1.64062, -22.2656, 39.15]
[-25.5469, 1.64062, 39.6]
[-18.5156, -9.14062, 39.6]
[-3.04688, -22.7344, 39.6]
[-1.17188, 0.234375, 40.05]
[-28.8281, -9.60938, 40.05]
[-4.45312, -23.2031, 40.05]
[-10.0781, 0.234375, 40.5]
[3.04688, -10.5469, 40.5]
[-21.3281, -23.6719, 40.5]
[-8.20312, -0.234375, 40.95]
[-4.45312, -11.0156, 40.95]
[-20.3906, -24.1406, 40.95]
[-7.73438, -0.703125, 41.4]
[-4.45312, -11.9531, 41.4]
[-18.0469, -25.0781, 41.4]
[-7.26562, -1.64062, 41.85]
[-4.92188, -12.8906, 41.85]
[-12.4219, -25.5469, 41.85]
[-15.7031, -2.10938, 42.3]
[2.57812, -13.3594, 42.3]
[-16.1719, -25.5469, 42.3]
[-16.6406, -3.04688, 42.75]
[-8.67188, -14.2969, 42.75]
[-18.5156, 8.67188, 43.2]
[-17.5781, -3.98438, 43.2]
[-15.2344, -14.2969, 43.2]
[-14.2969, 7.73438, 43.65]
[-28.3594, -4.92188, 43.65]
[-14.2969, -14.7656, 43.65]
[-20.3906, 7.26562, 44.1]
[-18.5156, -5.85938, 44.1]
[1.64062, -16.1719, 44.1]
[-21.7969, 6.32812, 44.55]
[-18.9844, -6.32812, 44.55]
[1.17188, -17.5781, 44.55]
[-6.32812, 4.92188, 45]
[-28.8281, -7.26562, 45]
[-0.234375, -19.9219, 45]
[-24.6094, 3.04688, 45.45]
[-18.5156, -8.67188, 45.45]
[-3.51562, -22.2656, 45.45]
[-9.60938, 0.703125, 45.9]
[-28.8281, -10.0781, 45.9]
[-21.3281, -23.6719, 45.9]
[-13.3594, -0.234375, 46.35]
[2.10938, -11.9531, 46.35]
[-11.0156, -25.0781, 46.35]
[-15.2344, -1.64062, 46.8]
[-17.5781, -12.8906, 46.8]
[-14.2969, -25.5469, 46.8]
[-6.32812, -3.04688, 47.25]
[-28.3594, -13.8281, 47.25]
[-14.7656, 8.20312, 47.7]
[-5.39062, -4.45312, 47.7]
[-13.3594, -14.2969, 47.7]
[-11.0156, 7.26562, 48.15]
[1.17188, -5.85938, 48.15]
[1.17188, -16.1719, 48.15]
[-21.7969, 5.85938, 48.6]
[-28.8281, -6.79688, 48.6]
[-27.4219, -17.5781, 48.6]
[-23.6719, 4.45312, 49.05]
[-18.9844, -8.20312, 49.05]
[-1.17188, -19.9219, 49.05]
[-25.0781, 2.57812, 49.5]
[-18.9844, -9.14062, 49.5]
[-3.51562, -21.7969, 49.5]
[-10.0781, 0.703125, 49.95]
[-28.8281, -10.0781, 49.95]
[-6.79688, -23.6719, 49.95]
[-8.20312, -0.703125, 50.4]
[1.64062, -11.9531, 50.4]
[-18.9844, -24.6094, 50.4]
[-27.4219, -1.64062, 50.85]
[-17.1094, -13.3594, 50.85]
[-16.1719, -25.0781, 50.85]
[-6.32812, -3.51562, 51.3]
[-6.79688, -14.2969, 51.3]
[-18.9844, 8.20312, 51.75]
[-28.8281, -4.92188, 51.75]
[0.703125, -15.2344, 51.75]
[-9.60938, 6.32812, 52.2]
[-19.4531, -6.79688, 52.2]
[-26.9531, -18.0469, 52.2]
[-5.39062, 3.51562, 52.65]
[-4.92188, -8.67188, 52.65]
[-24.6094, -21.3281, 52.65]
[-10.0781, 0.234375, 53.1]
[-29.2969, -10.0781, 53.1]
[-21.7969, -23.2031, 53.1]
[-9.14062, -0.703125, 53.55]
[-6.79688, -11.9531, 53.55]
[-11.4844, -24.6094, 53.55]
[-1.17188, -2.10938, 54]
[-17.1094, -13.3594, 54]
[-15.7031, -25.0781, 54]
[-0.703125, -3.51562, 54.45]
[-10.0781, -14.2969, 54.45]
[-15.2344, 8.20312, 54.9]
[-6.32812, -4.92188, 54.9]
[0.234375, -15.2344, 54.9]
[-19.9219, 7.26562, 55.35]
[0.234375, -6.32812, 55.35]
[-0.234375, -16.1719, 55.35]
[-22.7344, 5.39062, 55.8]
[-29.2969, -7.26562, 55.8]
[-1.17188, -18.0469, 55.8]
[-5.85938, 3.51562, 56.25]
[-29.2969, -8.20312, 56.25]
[-26.4844, -19.4531, 56.25]
[-3.98438, 1.64062, 56.7]
[0.234375, -9.60938, 56.7]
[-24.6094, -21.3281, 56.7]
[-11.0156, 0.234375, 57.15]
[-6.32812, -10.5469, 57.15]
[-6.79688, -22.7344, 57.15]
[-14.2969, -0.234375, 57.6]
[-19.4531, -11.4844, 57.6]
[-9.60938, -24.1406, 57.6]
[-9.14062, -1.64062, 58.05]
[-29.2969, -12.8906, 58.05]
[-13.3594, -24.6094, 58.05]
[-18.0469, -2.57812, 58.5]
[-10.5469, -14.2969, 58.5]
[-15.2344, 8.67188, 58.95]
[-18.9844, -3.98438, 58.95]
[-18.0469, -14.7656, 58.95]
[-18.9844, 8.20312, 59.4]
[-6.32812, -5.39062, 59.4]
[-8.67188, -15.7031, 59.4]
[-20.3906, 6.79688, 59.85]
[-6.32812, -6.79688, 59.85]
[-27.8906, -16.6406, 59.85]
[-24.1406, 4.45312, 60.3]
[-29.2969, -8.20312, 60.3]
[-26.0156, -19.9219, 60.3]
[-26.9531, 1.17188, 60.75]
[-19.9219, -10.0781, 60.75]
[-6.79688, -22.2656, 60.75]
[-11.0156, -0.234375, 61.2]
[-19.4531, -11.4844, 61.2]
[-19.4531, -23.6719, 61.2]
[-9.14062, -1.64062, 61.65]
[-0.234375, -13.3594, 61.65]
[-12.8906, -24.6094, 61.65]
[-2.10938, -3.04688, 62.1]
[-19.4531, -14.2969, 62.1]
[-17.5781, 8.67188, 62.55]
[-19.4531, -4.45312, 62.55]
[-1.17188, -15.7031, 62.55]
[-11.0156, 7.26562, 63]
[-20.3906, -5.85938, 63]
[-16.1719, -16.1719, 63]
[-8.20312, 5.39062, 63.45]
[-20.3906, -7.26562, 63.45]
[-27.8906, -17.1094, 63.45]
[-5.85938, 3.51562, 63.9]
[-20.3906, -8.67188, 63.9]
[-4.45312, -20.3906, 63.9]
[-27.4219, 0.234375, 64.35]
[-6.79688, -10.5469, 64.35]
[-8.20312, -22.7344, 64.35]
[-16.1719, -0.703125, 64.8]
[-0.703125, -12.4219, 64.8]
[-19.9219, -23.6719, 64.8]
[-28.3594, -2.10938, 65.25]
[-29.2969, -13.8281, 65.25]
[-18.0469, -24.1406, 65.25]
[-18.5156, -3.04688, 65.7]
[-9.60938, -14.7656, 65.7]
[-17.1094, 8.20312, 66.15]
[-10.0781, -1.17188, 66.15]
[-0.703125, -11.9531, 66.15]
[-11.9531, -23.6719, 66.15]
[-21.7969, 1.17188, 66.6]
[-20.8594, -1.17188, 66.6]
[-29.7656, -6.79688, 66.6]
[-2.57812, -17.1094, 66.6]
[-10.5469, 5.85938, 67.05]
[-16.6406, 1.64062, 67.05]
[-4.92188, -2.57812, 67.05]
[-20.3906, -10.0781, 67.05]
[-7.73438, -22.2656, 67.05]
[-15.7031, 4.45312, 67.5]
[-11.4844, 1.64062, 67.5]
[-7.26562, -8.20312, 67.5]
[-26.9531, -18.9844, 67.5]
[-25.5469, -5.85938, 67.95]
[-20.8594, -15.2344, 67.95]
[-3.51562, -5.85938, 68.4]
[-26.0156, -7.73438, 68.4]
[-4.45312, -9.60938, 68.4]
[-4.92188, -11.0156, 68.4]
[-3.98438, -12.4219, 68.4]
[-2.57812, -13.8281, 68.4]
[-24.6094, -14.7656, 68.4]
[-5.85938, -16.1719, 68.4]
[-27.4219, -16.6406, 68.4]
[-22.7344, -17.5781, 68.4]
[-20.3906, -18.5156, 68.4]
[-20.8594, -19.4531, 68.4]
[-24.6094, -20.3906, 68.4]
[-16.1719, -21.7969, 68.4]
[-13.3594, -23.6719, 68.4]
