[23.1, 4.29688, -47.6562]
[23.8, 0.78125, -47.6562]
[18.2, -1.95312, -47.6562]
[16.8, -5.46875, -47.6562]
[26.6, 1.17188, -47.2656]
[18.9, -8.20312, -47.2656]
[15.4, 0, -46.875]
[19.6, -8.59375, -46.875]
[28, -1.17188, -46.4844]
[25.9, -7.42188, -46.4844]
[21, 8.59375, -46.0938]
[30.1, -1.5625, -46.0938]
[23.1, -11.7188, -46.0938]
[31.5, -3.125, -45.7031]
[20.3, -12.5, -45.7031]
[16.1, 5.07812, -45.3125]
[8.4, -7.42188, -45.3125]
[-23.1, 22.6562, -44.9219]
[-24.5, 16.4062, -44.9219]
[32.9, 3.125, -44.9219]
[28, -10.1562, -44.9219]
[-26.6, 25, -44.5312]
[-23.1, 14.4531, -44.5312]
[14.7, 5.46875, -44.5312]
[28, -10.5469, -44.5312]
[-25.9, 26.9531, -44.1406]
[-20.3, 18.75, -44.1406]
[-26.6, 12.1094, -44.1406]
[14, 5.07812, -44.1406]
[28, -10.1562, -44.1406]
[-26.6, 27.7344, -43.75]
[-19.6, 14.8438, -43.75]
[-20.3, 8.59375, -43.75]
[32.2, -3.125, -43.75]
[17.5, -17.1875, -43.75]
[-29.4, 20.3125, -43.3594]
[18.9, 12.5, -43.3594]
[13.3, 6.25, -43.3594]
[-25.2, 2.73438, -43.3594]
[4.9, -8.20312, -43.3594]
[-26.6, 30.0781, -42.9688]
[-16.1, 18.3594, -42.9688]
[-18.2, 10.5469, -42.9688]
[-20.3, 4.6875, -42.9688]
[-28.7, -0.390625, -42.9688]
[11.2, -16.4062, -42.9688]
[-15.4, 25, -42.5781]
[-30.8, 13.2812, -42.5781]
[12.6, 5.85938, -42.5781]
[-27.3, -0.78125, -42.5781]
[9.8, -15.625, -42.5781]
[-15.4, 26.9531, -42.1875]
[18.2, 13.6719, -42.1875]
[-28.7, 6.25, -42.1875]
[-31.5, -1.17188, -42.1875]
[23.8, -15.625, -42.1875]
[-14, 25.3906, -41.7969]
[-14.7, 12.5, -41.7969]
[37.1, 5.07812, -41.7969]
[-31.5, -1.95312, -41.7969]
[25.9, -13.6719, -41.7969]
[7.7, -17.9688, -41.7969]
[-13.3, 25.3906, -41.4062]
[-31.5, 12.8906, -41.4062]
[-14.7, 5.46875, -41.4062]
[-32.2, -2.73438, -41.4062]
[0.7, -12.8906, -41.4062]
[-16.8, 31.6406, -41.0156]
[26.6, 16.0156, -41.0156]
[-30.8, 8.59375, -41.0156]
[4.9, 0.390625, -41.0156]
[31.5, -6.25, -41.0156]
[2.8, -20.3125, -41.0156]
[-11.9, 21.875, -40.625]
[-30.1, 11.3281, -40.625]
[8.4, 3.51562, -40.625]
[32.2, -3.90625, -40.625]
[-0.7, -15.2344, -40.625]
[-26.6, 32.0312, -40.2344]
[-11.2, 16.4062, -40.2344]
[-29.4, 7.8125, -40.2344]
[2.8, 0.390625, -40.2344]
[-25.2, -5.85938, -40.2344]
[5.6, -21.0938, -40.2344]
[-10.5, 23.4375, -39.8438]
[-31.5, 12.8906, -39.8438]
[7.7, 6.25, -39.8438]
[-34.3, -1.17188, -39.8438]
[-2.8, -7.8125, -39.8438]
[-21.7, 36.3281, -39.4531]
[21.7, 18.75, -39.4531]
[-10.5, 10.1562, -39.4531]
[-11.9, 3.125, -39.4531]
[32.9, -4.6875, -39.4531]
[-1.4, -16.0156, -39.4531]
[-28, 30.0781, -39.0625]
[17.5, 16.4062, -39.0625]
[12.6, 8.98438, -39.0625]
[7, 3.125, -39.0625]
[-4.2, -3.125, -39.0625]
[-4.2, -8.98438, -39.0625]
[-25.9, 36.3281, -38.6719]
[-31.5, 19.5312, -38.6719]
[14, 11.3281, -38.6719]
[7, 4.6875, -38.6719]
[-9.1, -0.78125, -38.6719]
[-7.7, -3.90625, -38.6719]
[29.4, -9.76562, -38.6719]
[-26.6, 36.7188, -38.2812]
[24.5, 19.5312, -38.2812]
[14, 11.7188, -38.2812]
[7, 4.29688, -38.2812]
[-34.3, -1.5625, -38.2812]
[-7, -7.03125, -38.2812]
[21, -17.9688, -38.2812]
[-28, 30.0781, -37.8906]
[16.8, 16.7969, -37.8906]
[-32.2, 8.59375, -37.8906]
[-4.9, 0.78125, -37.8906]
[-9.1, -7.03125, -37.8906]
[21, -17.9688, -37.8906]
[-28, 30.4688, -37.5]
[-32.2, 17.5781, -37.5]
[39.9, 8.59375, -37.5]
[-2.8, 0.78125, -37.5]
[-34.3, -8.59375, -37.5]
[13.3, -22.6562, -37.5]
[-30.8, 26.9531, -37.1094]
[17.5, 16.0156, -37.1094]
[11.2, 7.8125, -37.1094]
[-35.7, -2.34375, -37.1094]
[-28.7, -10.1562, -37.1094]
[2.8, -25.3906, -37.1094]
[-7, 21.875, -36.7188]
[-6.3, 13.2812, -36.7188]
[-34.3, 4.29688, -36.7188]
[-16.1, -8.20312, -36.7188]
[-3.5, -17.9688, -36.7188]
[-26.6, 31.25, -36.3281]
[16.1, 17.5781, -36.3281]
[39.2, 8.20312, -36.3281]
[-35, -0.390625, -36.3281]
[-30.8, -10.9375, -36.3281]
[-18.9, 39.0625, -35.9375]
[23.1, 21.4844, -35.9375]
[14, 12.8906, -35.9375]
[36.4, 3.125, -35.9375]
[-14, -9.375, -35.9375]
[-4.9, -17.9688, -35.9375]
[-26.6, 32.0312, -35.5469]
[-32.9, 18.3594, -35.5469]
[-7, 9.375, -35.5469]
[35, 0.390625, -35.5469]
[-9.8, -11.7188, -35.5469]
[3.5, -25.7812, -35.5469]
[-6.3, 23.0469, -35.1562]
[39.2, 13.6719, -35.1562]
[-5.6, 4.6875, -35.1562]
[32.9, -8.59375, -35.1562]
[-4.9, -19.1406, -35.1562]
[-8.4, 31.6406, -34.7656]
[-32.9, 18.3594, -34.7656]
[-33.6, 9.76562, -34.7656]
[35, -0.390625, -34.7656]
[-25.2, -12.5, -34.7656]
[-20.3, 39.4531, -34.375]
[22.4, 22.2656, -34.375]
[14, 13.2812, -34.375]
[37.1, 4.6875, -34.375]
[32.9, -9.375, -34.375]
[16.8, -21.0938, -34.375]
[-28, 30.4688, -33.9844]
[35, 17.9688, -33.9844]
[12.6, 9.76562, -33.9844]
[-36.4, -0.390625, -33.9844]
[-26.6, -13.6719, -33.9844]
[-25.9, 39.0625, -33.5938]
[19.6, 21.875, -33.5938]
[14, 12.8906, -33.5938]
[37.1, 4.29688, -33.5938]
[-36.4, -11.7188, -33.5938]
[-2.8, -23.8281, -33.5938]
[-8.4, 27.7344, -33.2031]
[-35, 16.7969, -33.2031]
[38.5, 7.8125, -33.2031]
[35, -4.6875, -33.2031]
[23.8, -17.1875, -33.2031]
[-27.3, 35.9375, -32.8125]
[-7, 20.7031, -32.8125]
[40.6, 12.1094, -32.8125]
[-0.7, 3.51562, -32.8125]
[-18.2, -13.2812, -32.8125]
[-1.4, -25.7812, -32.8125]
[-32.2, 25.7812, -32.4219]
[39.2, 15.625, -32.4219]
[-5.6, 7.03125, -32.4219]
[34.3, -7.8125, -32.4219]
[18.9, -20.3125, -32.4219]
[-26.6, 33.2031, -32.0312]
[-6.3, 19.9219, -32.0312]
[-5.6, 11.3281, -32.0312]
[36.4, 1.5625, -32.0312]
[-32.9, -14.4531, -32.0312]
[0.7, -28.125, -32.0312]
[21.7, 23.8281, -31.6406]
[16.1, 15.625, -31.6406]
[38.5, 6.64062, -31.6406]
[-38.5, -7.8125, -31.6406]
[18.9, -19.1406, -31.6406]
[-8.4, 33.9844, -31.25]
[16.1, 19.9219, -31.25]
[-5.6, 11.7188, -31.25]
[37.1, 3.125, -31.25]
[-16.8, -14.4531, -31.25]
[-3.5, -24.6094, -31.25]
[-30.8, 28.5156, -30.8594]
[15.4, 17.5781, -30.8594]
[-35, 9.76562, -30.8594]
[-37.8, -1.17188, -30.8594]
[-21, -15.2344, -30.8594]
[-0.7, -27.7344, -30.8594]
[-34.3, 25, -30.4688]
[-34.3, 16.4062, -30.4688]
[39.2, 7.8125, -30.4688]
[35, -5.07812, -30.4688]
[-25.9, -16.0156, -30.4688]
[-22.4, 40.2344, -30.0781]
[-7, 23.8281, -30.0781]
[15.4, 15.2344, -30.0781]
[-35.7, 7.03125, -30.0781]
[-38.5, -7.8125, -30.0781]
[24.5, -16.7969, -30.0781]
[-24.5, 37.8906, -29.6875]
[-7, 22.6562, -29.6875]
[40.6, 13.6719, -29.6875]
[3.5, 5.46875, -29.6875]
[-38.5, -10.9375, -29.6875]
[-9.8, -18.75, -29.6875]
[-25.2, 36.7188, -29.2969]
[30.8, 21.875, -29.2969]
[40.6, 12.5, -29.2969]
[37.8, 4.29688, -29.2969]
[23.8, -13.6719, -29.2969]
[11.2, -25, -29.2969]
[-29.4, 29.2969, -28.9062]
[37.1, 18.3594, -28.9062]
[39.2, 8.59375, -28.9062]
[-37.8, -1.5625, -28.9062]
[-30.8, -16.7969, -28.9062]
[-16.1, 40.2344, -28.5156]
[-35.7, 24.6094, -28.5156]
[-4.9, 15.2344, -28.5156]
[-2.8, 6.25, -28.5156]
[-38.5, -8.20312, -28.5156]
[-8.4, -20.7031, -28.5156]
[-25.2, 35.1562, -28.125]
[-36.4, 21.4844, -28.125]
[13.3, 11.7188, -28.125]
[-37.1, 5.07812, -28.125]
[31.5, -13.2812, -28.125]
[-4.9, -24.6094, -28.125]
[-26.6, 30.8594, -27.7344]
[-5.6, 19.1406, -27.7344]
[39.9, 9.375, -27.7344]
[-37.8, 2.73438, -27.7344]
[-37.1, -16.4062, -27.7344]
[7.7, -26.5625, -27.7344]
[-7.7, 28.5156, -27.3438]
[-4.9, 17.9688, -27.3438]
[39.9, 8.59375, -27.3438]
[-38.5, -1.95312, -27.3438]
[-32.2, -17.5781, -27.3438]
[-2.1, -28.125, -27.3438]
[-7.7, 25.3906, -26.9531]
[-37.8, 16.4062, -26.9531]
[-37.1, 7.42188, -26.9531]
[35, -5.46875, -26.9531]
[-27.3, -18.3594, -26.9531]
[-5.96046e-08, -28.9062, -26.9531]
[24.5, 24.6094, -26.5625]
[39.9, 15.625, -26.5625]
[-36.4, 7.03125, -26.5625]
[-38.5, -9.375, -26.5625]
[16.8, -20.7031, -26.5625]
[-11.2, 38.6719, -26.1719]
[18.2, 23.0469, -26.1719]
[40.6, 13.2812, -26.1719]
[-38.5, 3.90625, -26.1719]
[29.4, -14.4531, -26.1719]
[-7.7, -22.6562, -26.1719]
[-5.6, 32.8125, -25.7812]
[-37.1, 20.3125, -25.7812]
[12.6, 11.7188, -25.7812]
[38.5, 1.5625, -25.7812]
[-37.8, -16.7969, -25.7812]
[-4.9, -25.3906, -25.7812]
[-32.2, 30.4688, -25.3906]
[-37.8, 18.75, -25.3906]
[9.8, 10.5469, -25.3906]
[37.8, -0.390625, -25.3906]
[-18.2, -18.3594, -25.3906]
[-2.1, -27.7344, -25.3906]
[-32.9, 27.7344, -25]
[16.1, 17.1875, -25]
[-36.4, 10.1562, -25]
[36.4, -3.51562, -25]
[-28.7, -18.75, -25]
[-20.3, 40.2344, -24.6094]
[23.8, 24.6094, -24.6094]
[16.1, 16.0156, -24.6094]
[-35.7, 8.59375, -24.6094]
[-38.5, -3.90625, -24.6094]
[-23.8, -19.1406, -24.6094]
[-14.7, 40.2344, -24.2188]
[-8.4, 26.9531, -24.2188]
[-37.1, 17.1875, -24.2188]
[7, 9.76562, -24.2188]
[-38.5, -4.6875, -24.2188]
[-28.7, -19.1406, -24.2188]
[-18.2, 39.4531, -23.8281]
[-36.4, 25, -23.8281]
[3.5, 16.4062, -23.8281]
[-5.96046e-08, 9.76562, -23.8281]
[-38.5, -5.46875, -23.8281]
[-23.8, -19.5312, -23.8281]
[-12.6, 38.6719, -23.4375]
[23.1, 24.6094, -23.4375]
[39.2, 16.0156, -23.4375]
[2.8, 9.375, -23.4375]
[35, -8.98438, -23.4375]
[-10.5, -21.875, -23.4375]
[-17.5, 36.7188, -23.0469]
[-37.1, 23.0469, -23.0469]
[2.8, 14.8438, -23.0469]
[37.8, 5.85938, -23.0469]
[32.9, -11.7188, -23.0469]
[14.7, -24.6094, -23.0469]
[-24.5, 35.9375, -22.6562]
[-4.9, 23.4375, -22.6562]
[-2.8, 15.2344, -22.6562]
[-36.4, 7.8125, -22.6562]
[-38.5, -10.5469, -22.6562]
[16.8, -23.4375, -22.6562]
[-16.1, 35.9375, -22.2656]
[-37.1, 24.6094, -22.2656]
[-3.5, 16.0156, -22.2656]
[4.2, 10.5469, -22.2656]
[-39.2, -7.03125, -22.2656]
[21, -20.3125, -22.2656]
[-23.1, 37.1094, -21.875]
[-4.9, 26.5625, -21.875]
[38.5, 16.4062, -21.875]
[6.3, 11.3281, -21.875]
[-39.2, -4.6875, -21.875]
[-17.5, -19.9219, -21.875]
[-23.1, 37.5, -21.4844]
[-7, 26.9531, -21.4844]
[-3.5, 16.7969, -21.4844]
[40.6, 11.3281, -21.4844]
[-38.5, -4.6875, -21.4844]
[-22.4, -19.9219, -21.4844]
[-22.4, 37.8906, -21.0938]
[-8.4, 28.5156, -21.0938]
[37.1, 17.5781, -21.0938]
[7, 12.1094, -21.0938]
[37.1, -3.51562, -21.0938]
[-18.2, -19.9219, -21.0938]
[-14, 38.2812, -20.7031]
[-8.4, 28.125, -20.7031]
[37.1, 17.1875, -20.7031]
[40.6, 11.7188, -20.7031]
[-38.5, -5.46875, -20.7031]
[-17.5, -20.3125, -20.7031]
[-11.2, 37.5, -20.3125]
[-4.9, 26.5625, -20.3125]
[7.7, 16.4062, -20.3125]
[-37.1, 10.9375, -20.3125]
[-39.2, -7.42188, -20.3125]
[19.6, -21.4844, -20.3125]
[-23.1, 37.1094, -19.9219]
[-4.9, 25.3906, -19.9219]
[7, 16.0156, -19.9219]
[-37.8, 8.20312, -19.9219]
[-38.5, -10.1562, -19.9219]
[18.2, -22.2656, -19.9219]
[-16.8, 36.3281, -19.5312]
[-4.9, 25.7812, -19.5312]
[7.7, 16.0156, -19.5312]
[-36.4, 4.29688, -19.5312]
[27.3, -13.6719, -19.5312]
[-4.2, -25.3906, -19.5312]
[-28, 34.7656, -19.1406]
[23.8, 22.6562, -19.1406]
[14.7, 14.8438, -19.1406]
[38.5, -0.390625, -19.1406]
[26.6, -17.5781, -19.1406]
[-0.7, -29.2969, -19.1406]
[-29.4, 32.4219, -18.75]
[-4.2, 20.7031, -18.75]
[2.1, 13.6719, -18.75]
[-38.5, -4.6875, -18.75]
[-23.8, -19.9219, -18.75]
[-12.6, 37.5, -18.3594]
[-12.6, 30.0781, -18.3594]
[33.6, 18.3594, -18.3594]
[37.8, 8.98438, -18.3594]
[-38.5, -7.8125, -18.3594]
[19.6, -21.4844, -18.3594]
[-23.1, 35.9375, -17.9688]
[-37.1, 25.3906, -17.9688]
[-1.4, 16.0156, -17.9688]
[-35, 2.73438, -17.9688]
[28.7, -14.0625, -17.9688]
[-4.2, -27.3438, -17.9688]
[-11.9, 31.25, -17.5781]
[-4.2, 19.1406, -17.5781]
[39.2, 11.3281, -17.5781]
[-38.5, -5.46875, -17.5781]
[-17.5, -20.7031, -17.5781]
[-26.6, 34.7656, -17.1875]
[20.3, 22.2656, -17.1875]
[8.4, 14.8438, -17.1875]
[38.5, 1.95312, -17.1875]
[28, -16.4062, -17.1875]
[0.7, -30.0781, -17.1875]
[-37.1, 27.3438, -16.7969]
[15.4, 16.4062, -16.7969]
[-37.8, 6.25, -16.7969]
[-37.1, -11.7188, -16.7969]
[-7, -25.3906, -16.7969]
[-11.2, 32.0312, -16.4062]
[-37.8, 19.5312, -16.4062]
[-37.1, 11.3281, -16.4062]
[37.1, -7.03125, -16.4062]
[-16.1, -21.0938, -16.4062]
[-19.6, 33.9844, -16.0156]
[-37.1, 21.875, -16.0156]
[36.4, 14.0625, -16.0156]
[-36.4, -0.390625, -16.0156]
[23.1, -18.75, -16.0156]
[-5.96046e-08, -30.0781, -16.0156]
[-7.7, 28.5156, -15.625]
[16.1, 16.7969, -15.625]
[-37.8, 7.03125, -15.625]
[-37.8, -11.3281, -15.625]
[-10.5, -23.0469, -15.625]
[-11.9, 32.4219, -15.2344]
[24.5, 20.3125, -15.2344]
[15.4, 12.8906, -15.2344]
[-38.5, -3.51562, -15.2344]
[-29.4, -19.1406, -15.2344]
[-14.7, 35.9375, -14.8438]
[-36.4, 26.9531, -14.8438]
[-1.4, 15.625, -14.8438]
[-37.1, 4.6875, -14.8438]
[31.5, -12.8906, -14.8438]
[-7.7, -25, -14.8438]
[-16.1, 30.4688, -14.4531]
[28, 18.3594, -14.4531]
[10.5, 11.7188, -14.4531]
[37.1, -5.07812, -14.4531]
[18.9, -20.3125, -14.4531]
[-14, 33.9844, -14.0625]
[-36.4, 23.4375, -14.0625]
[20.3, 14.4531, -14.0625]
[-37.8, 3.125, -14.0625]
[-35, -14.4531, -14.0625]
[7, -27.3438, -14.0625]
[-6.3, 28.5156, -13.6719]
[-4.2, 16.7969, -13.6719]
[9.8, 10.9375, -13.6719]
[-35, -3.90625, -13.6719]
[-26.6, -19.5312, -13.6719]
[-25.9, 33.9844, -13.2812]
[-7, 22.2656, -13.2812]
[-36.4, 14.4531, -13.2812]
[32.2, 4.29688, -13.2812]
[30.1, -13.2812, -13.2812]
[-4.9, -26.9531, -13.2812]
[-14, 30.0781, -12.8906]
[25.2, 17.9688, -12.8906]
[15.4, 11.7188, -12.8906]
[37.1, -3.125, -12.8906]
[-25.2, -19.5312, -12.8906]
[-14.7, 34.375, -12.5]
[-7, 24.2188, -12.5]
[-35.7, 14.8438, -12.5]
[-37.8, 5.85938, -12.5]
[-36.4, -10.5469, -12.5]
[9.8, -25.3906, -12.5]
[-28, 30.4688, -12.1094]
[20.3, 17.1875, -12.1094]
[7, 10.9375, -12.1094]
[37.1, -3.125, -12.1094]
[-21.7, -19.9219, -12.1094]
[-12.6, 33.2031, -11.7188]
[-9.8, 19.9219, -11.7188]
[2.8, 11.3281, -11.7188]
[36.4, -2.73438, -11.7188]
[-20.3, -19.9219, -11.7188]
[-20.3, 33.5938, -11.3281]
[-9.8, 23.4375, -11.3281]
[28.7, 13.2812, -11.3281]
[-37.8, 5.46875, -11.3281]
[28.7, -12.5, -11.3281]
[7.7, -26.9531, -11.3281]
[-9.8, 28.5156, -10.9375]
[24.5, 14.0625, -10.9375]
[14, 8.59375, -10.9375]
[35.7, -6.25, -10.9375]
[-14, -21.875, -10.9375]
[-15.4, 30.8594, -10.5469]
[-35, 16.4062, -10.5469]
[20.3, 10.9375, -10.5469]
[-37.1, 1.95312, -10.5469]
[-35.7, -16.4062, -10.5469]
[2.8, -28.9062, -10.5469]
[-11.2, 23.4375, -10.1562]
[23.8, 9.76562, -10.1562]
[-37.1, 1.95312, -10.1562]
[21.7, -16.7969, -10.1562]
[2.8, -28.125, -10.1562]
[-30.8, 27.3438, -9.76562]
[-35.7, 9.375, -9.76562]
[-37.1, 0.390625, -9.76562]
[19.6, -18.3594, -9.76562]
[-2.1, -29.6875, -9.76562]
[-32.9, 21.875, -9.375]
[22.4, 7.03125, -9.375]
[33.6, -3.51562, -9.375]
[-23.1, -19.9219, -9.375]
[-17.5, 28.125, -8.98438]
[-11.9, 18.3594, -8.98438]
[17.5, 5.46875, -8.98438]
[-37.1, -9.375, -8.98438]
[-9.1, -24.6094, -8.98438]
[-26.6, 26.1719, -8.59375]
[-35, 10.1562, -8.59375]
[30.1, 0, -8.59375]
[-32.2, -18.3594, -8.59375]
[-20.3, 26.5625, -8.20312]
[-33.6, 15.2344, -8.20312]
[-35.7, 1.95312, -8.20312]
[19.6, -17.1875, -8.20312]
[1.4, -29.6875, -8.20312]
[-33.6, 13.2812, -7.8125]
[25.9, 1.5625, -7.8125]
[-34.3, -17.1875, -7.8125]
[-2.1, -29.6875, -7.8125]
[-33.6, 11.3281, -7.42188]
[28.7, -0.390625, -7.42188]
[16.8, -18.75, -7.42188]
[-1.4, -30.0781, -7.42188]
[-2.8, 9.375, -7.03125]
[31.5, -3.51562, -7.03125]
[-23.8, -19.5312, -7.03125]
[-25.2, 23.4375, -6.64062]
[-35, 7.03125, -6.64062]
[-36.4, -5.46875, -6.64062]
[-21, -19.9219, -6.64062]
[-26.6, 22.6562, -6.25]
[-35, 5.07812, -6.25]
[25.9, -8.20312, -6.25]
[-14, -21.0938, -6.25]
[-16.1, 19.9219, -5.85938]
[10.5, 3.51562, -5.85938]
[-36.4, -9.76562, -5.85938]
[-12.6, -22.2656, -5.85938]
[-15.4, 18.3594, -5.46875]
[-35, 3.51562, -5.46875]
[-35.7, -10.5469, -5.46875]
[-10.5, -22.6562, -5.46875]
[-28.7, 19.5312, -5.07812]
[5.6, 4.6875, -5.07812]
[-36.4, -8.59375, -5.07812]
[-12.6, -20.7031, -5.07812]
[-21, 21.4844, -4.6875]
[-37.1, 7.42188, -4.6875]
[26.6, -4.6875, -4.6875]
[-12.6, -19.1406, -4.6875]
[4.2, -28.125, -4.6875]
[3.5, 9.375, -4.29688]
[27.3, -3.125, -4.29688]
[-17.5, -17.5781, -4.29688]
[4.9, -26.5625, -4.29688]
[-9.8, 12.5, -3.90625]
[-35, 0.390625, -3.90625]
[-17.5, -17.5781, -3.90625]
[4.9, -26.5625, -3.90625]
[-7.7, 11.7188, -3.51562]
[14.7, 1.5625, -3.51562]
[-32.9, -17.1875, -3.51562]
[7, -26.5625, -3.51562]
[-32.2, 11.3281, -3.125]
[-34.3, 0.78125, -3.125]
[-31.5, -17.9688, -3.125]
[5.6, -28.125, -3.125]
[-4.9, 9.375, -2.73438]
[-35, -2.73438, -2.73438]
[-22.4, -19.5312, -2.73438]
[-23.8, 20.3125, -2.34375]
[-35.7, 7.42188, -2.34375]
[19.6, -8.98438, -2.34375]
[6.3, -23.8281, -2.34375]
[-30.1, 13.6719, -1.95312]
[6.3, 3.125, -1.95312]
[-34.3, -14.0625, -1.95312]
[-8.4, -26.5625, -1.95312]
[-33.6, 8.98438, -1.5625]
[-35, -4.6875, -1.5625]
[10.5, -20.7031, -1.5625]
[-16.8, 17.5781, -1.17188]
[-33.6, 3.51562, -1.17188]
[15.4, -14.4531, -1.17188]
[6.3, -25.3906, -1.17188]
[-7.7, 11.3281, -0.78125]
[16.1, -1.95312, -0.78125]
[-28.7, -18.75, -0.78125]
[5.6, -27.7344, -0.78125]
[-32.2, 7.8125, -0.390625]
[-37.8, -7.42188, -0.390625]
[9.8, -21.4844, -0.390625]
[-23.8, 18.75, 0]
[-5.96046e-08, 5.46875, 0]
[16.1, -9.76562, 0]
[-12.6, -22.6562, 0]
[-21.7, 18.3594, 0.390625]
[4.2, 5.85938, 0.390625]
[-34.3, -9.375, 0.390625]
[9.8, -21.0938, 0.390625]
[0.7, -28.9062, 0.390625]
[-2.8, 6.64062, 0.78125]
[16.1, -8.98438, 0.78125]
[-15.4, -21.0938, 0.78125]
[4.2, -28.5156, 0.78125]
[-2.8, 7.03125, 1.17188]
[16.8, -7.03125, 1.17188]
[8.4, -20.3125, 1.17188]
[-3.5, -27.7344, 1.17188]
[-2.8, 7.42188, 1.5625]
[-36.4, -6.64062, 1.5625]
[-22.4, -19.5312, 1.5625]
[4.2, -28.125, 1.5625]
[-2.8, 7.03125, 1.95312]
[-35, -6.25, 1.95312]
[-26.6, -19.1406, 1.95312]
[1.4, -28.125, 1.95312]
[-2.8, 6.64062, 2.34375]
[-36.4, -6.25, 2.34375]
[7.7, -20.3125, 2.34375]
[1.4, -28.9062, 2.34375]
[4.2, 5.46875, 2.73438]
[15.4, -6.25, 2.73438]
[9.1, -21.875, 2.73438]
[-9.1, -29.6875, 2.73438]
[5.6, 4.6875, 3.125]
[-37.1, -8.20312, 3.125]
[2.8, -22.6562, 3.125]
[-22.4, 16.7969, 3.51562]
[-32.9, 4.6875, 3.51562]
[-36.4, -8.98438, 3.51562]
[-14, -22.6562, 3.51562]
[-17.5, 16.0156, 3.90625]
[4.2, 3.51562, 3.90625]
[12.6, -10.5469, 3.90625]
[3.5, -22.2656, 3.90625]
[-15.4, 16.0156, 4.29688]
[2.8, 3.90625, 4.29688]
[12.6, -9.375, 4.29688]
[-16.1, -21.875, 4.29688]
[-19.6, 16.4062, 4.6875]
[-32.2, 4.6875, 4.6875]
[-36.4, -7.03125, 4.6875]
[-15.4, -21.875, 4.6875]
[-23.8, 16.4062, 5.07812]
[1.4, 5.07812, 5.07812]
[-35.7, -6.64062, 5.07812]
[-16.8, -21.4844, 5.07812]
[-18.9, 16.0156, 5.46875]
[4.2, 4.6875, 5.46875]
[-35.7, -8.20312, 5.46875]
[1.4, -23.0469, 5.46875]
[-25.2, 14.0625, 5.85938]
[3.5, 2.73438, 5.85938]
[-36.4, -14.8438, 5.85938]
[-14.7, -25.7812, 5.85938]
[-28, 9.76562, 6.25]
[-32.9, -1.95312, 6.25]
[7, -18.3594, 6.25]
[-0.7, -28.9062, 6.25]
[-1.4, 6.64062, 6.64062]
[-37.1, -6.25, 6.64062]
[-17.5, -21.0938, 6.64062]
[-19.6, 15.625, 7.03125]
[-36.4, 5.46875, 7.03125]
[-34.3, -8.59375, 7.03125]
[-16.8, -21.4844, 7.03125]
[-13.3, 13.6719, 7.42188]
[-32.2, 3.51562, 7.42188]
[-34.3, -10.1562, 7.42188]
[2.1, -22.2656, 7.42188]
[-25.2, 12.5, 7.8125]
[-36.4, 3.51562, 7.8125]
[9.8, -10.9375, 7.8125]
[-16.8, -22.6562, 7.8125]
[-10.5, 11.7188, 8.20312]
[-35, 2.34375, 8.20312]
[-37.1, -12.8906, 8.20312]
[-16.1, -26.1719, 8.20312]
[-2.1, 7.8125, 8.59375]
[9.8, -5.46875, 8.59375]
[-24.5, -20.3125, 8.59375]
[-18.2, 14.4531, 8.98438]
[4.9, 1.95312, 8.98438]
[-37.8, -13.6719, 8.98438]
[2.8, -27.3438, 8.98438]
[-2.1, 7.8125, 9.375]
[9.1, -7.42188, 9.375]
[-22.4, -21.0938, 9.375]
[-25.2, 12.5, 9.76562]
[-35, -0.390625, 9.76562]
[-30.8, -17.1875, 9.76562]
[0.7, -28.9062, 9.76562]
[4.2, 3.125, 10.1562]
[8.4, -12.5, 10.1562]
[4.2, -26.1719, 10.1562]
[-29.4, 7.8125, 10.5469]
[-33.6, -2.34375, 10.5469]
[-30.8, -17.9688, 10.5469]
[-23.1, 14.8438, 10.9375]
[2.8, 3.125, 10.9375]
[-32.9, -7.03125, 10.9375]
[-23.8, -20.3125, 10.9375]
[-10.5, 11.3281, 11.3281]
[7, 0.78125, 11.3281]
[-38.5, -12.1094, 11.3281]
[-18.2, -23.4375, 11.3281]
[-5.6, 8.59375, 11.7188]
[10.5, -1.5625, 11.7188]
[-34.3, -13.6719, 11.7188]
[-18.2, -22.2656, 11.7188]
[-11.2, 11.3281, 12.1094]
[1.4, 1.5625, 12.1094]
[-35.7, -10.9375, 12.1094]
[-34.3, -19.5312, 12.1094]
[-13.3, 14.0625, 12.5]
[-32.9, 3.90625, 12.5]
[-36.4, -6.25, 12.5]
[6.3, -16.7969, 12.5]
[-10.5, -27.3438, 12.5]
[-25.2, 10.9375, 12.8906]
[6.3, 1.95312, 12.8906]
[-35.7, -7.03125, 12.8906]
[-31.5, -17.1875, 12.8906]
[2.1, -27.7344, 12.8906]
[-23.8, 13.6719, 13.2812]
[-34.3, 3.90625, 13.2812]
[8.4, 0, 13.2812]
[-32.2, -12.1094, 13.2812]
[4.2, -20.7031, 13.2812]
[-23.1, 13.6719, 13.6719]
[6.3, 1.5625, 13.6719]
[-32.2, -11.3281, 13.6719]
[-27.3, -20.3125, 13.6719]
[-17.5, 13.6719, 14.0625]
[3.5, 1.17188, 14.0625]
[6.3, -12.8906, 14.0625]
[-21, -21.4844, 14.0625]
[-7.7, 9.76562, 14.4531]
[-37.8, -4.6875, 14.4531]
[-31.5, -16.0156, 14.4531]
[2.1, -26.5625, 14.4531]
[0.7, 5.07812, 14.8438]
[-37.1, -9.76562, 14.8438]
[-28, -20.7031, 14.8438]
[-11.2, 11.7188, 15.2344]
[-37.1, -5.07812, 15.2344]
[6.3, -16.7969, 15.2344]
[1.4, -26.9531, 15.2344]
[-33.6, 5.07812, 15.625]
[-35.7, -10.9375, 15.625]
[-28, -20.3125, 15.625]
[-23.8, 12.1094, 16.0156]
[-37.8, -4.6875, 16.0156]
[6.3, -17.1875, 16.0156]
[-9.1, -28.5156, 16.0156]
[-34.3, 4.6875, 16.4062]
[-37.8, -12.1094, 16.4062]
[5.6, -21.4844, 16.4062]
[-11.2, 11.7188, 16.7969]
[5.6, -4.29688, 16.7969]
[6.3, -17.1875, 16.7969]
[-17.5, -26.5625, 16.7969]
[-33.6, 5.46875, 17.1875]
[-35.7, -11.3281, 17.1875]
[-30.1, -21.0938, 17.1875]
[-22.4, 13.6719, 17.5781]
[-37.8, -2.73438, 17.5781]
[-37.8, -15.625, 17.5781]
[0.7, -26.5625, 17.5781]
[-31.5, 5.85938, 17.9688]
[-34.3, -10.9375, 17.9688]
[-30.8, -20.3125, 17.9688]
[-13.3, 12.8906, 18.3594]
[4.9, -3.90625, 18.3594]
[-36.4, -17.1875, 18.3594]
[-7, -30.8594, 18.3594]
[-25.9, 9.76562, 18.75]
[4.9, -5.46875, 18.75]
[4.9, -20.3125, 18.75]
[-22.4, 13.2812, 19.1406]
[3.5, -2.73438, 19.1406]
[-30.8, -21.0938, 19.1406]
[-13.3, 12.1094, 19.5312]
[-36.4, -4.29688, 19.5312]
[3.5, -22.6562, 19.5312]
[-10.5, 9.375, 19.9219]
[4.9, -7.42188, 19.9219]
[1.4, -25, 19.9219]
[-28, 7.03125, 20.3125]
[4.9, -11.3281, 20.3125]
[-14, -27.3438, 20.3125]
[-34.3, 3.51562, 20.7031]
[-37.8, -14.8438, 20.7031]
[-9.8, -30.4688, 20.7031]
[2.1, -0.78125, 21.0938]
[-34.3, -19.1406, 21.0938]
[-16.8, 12.1094, 21.4844]
[3.5, -4.29688, 21.4844]
[2.8, -22.2656, 21.4844]
[-9.8, 9.375, 21.875]
[4.2, -7.42188, 21.875]
[2.1, -23.0469, 21.875]
[-26.6, 9.375, 22.2656]
[4.2, -8.20312, 22.2656]
[-25.2, -24.2188, 22.2656]
[-4.2, 7.42188, 22.6562]
[4.2, -8.98438, 22.6562]
[-21.7, -25.3906, 22.6562]
[-28, 5.46875, 23.0469]
[4.2, -10.5469, 23.0469]
[-1.4, -27.3438, 23.0469]
[-4.2, 5.46875, 23.4375]
[4.2, -11.7188, 23.4375]
[-17.5, -27.3438, 23.4375]
[-2.1, 1.95312, 23.8281]
[4.9, -13.6719, 23.8281]
[-10.5, -28.9062, 23.8281]
[-36.4, 0, 24.2188]
[-37.8, -13.2812, 24.2188]
[-6.3, -29.6875, 24.2188]
[2.1, -1.95312, 24.6094]
[-35.7, -18.75, 24.6094]
[-23.1, 11.3281, 25]
[2.1, -5.07812, 25]
[0.7, -23.8281, 25]
[-4.2, 5.46875, 25.3906]
[3.5, -11.3281, 25.3906]
[-11.9, -28.125, 25.3906]
[1.4, -0.390625, 25.7812]
[-37.1, -17.9688, 25.7812]
[-21.7, 12.1094, 26.1719]
[2.1, -4.6875, 26.1719]
[0.7, -23.0469, 26.1719]
[-5.6, 7.42188, 26.5625]
[-37.8, -6.25, 26.5625]
[-25.2, -25, 26.5625]
[-29.4, 4.6875, 26.9531]
[2.8, -8.98438, 26.9531]
[-20.3, -26.9531, 26.9531]
[-24.5, 8.98438, 27.3438]
[2.1, -6.64062, 27.3438]
[-25.9, -24.6094, 27.3438]
[-7, 7.03125, 27.7344]
[-34.3, -7.03125, 27.7344]
[-1.4, -25.3906, 27.7344]
[-28, 5.85938, 28.125]
[-38.5, -8.20312, 28.125]
[-21, -26.5625, 28.125]
[-29.4, 4.6875, 28.5156]
[-37.8, -8.59375, 28.5156]
[-2.8, -26.9531, 28.5156]
[-14.7, 11.3281, 28.9062]
[-38.5, -1.5625, 28.9062]
[-38.5, -17.1875, 28.9062]
[-12.6, -33.9844, 28.9062]
[-37.8, -3.90625, 29.2969]
[-35, -20.7031, 29.2969]
[-12.6, -32.8125, 29.2969]
[-0.7, -0.78125, 29.6875]
[2.1, -19.5312, 29.6875]
[-11.9, 8.59375, 30.0781]
[2.1, -9.375, 30.0781]
[-3.5, -26.9531, 30.0781]
[-37.1, 0.390625, 30.4688]
[2.8, -18.3594, 30.4688]
[-13.3, 8.59375, 30.8594]
[-37.1, -9.76562, 30.8594]
[-20.3, -27.3438, 30.8594]
[-0.7, -0.390625, 31.25]
[2.1, -19.1406, 31.25]
[-11.2, 8.20312, 31.6406]
[1.4, -10.1562, 31.6406]
[-2.8, -25.7812, 31.6406]
[-2.1, 2.73438, 32.0312]
[-38.5, -15.2344, 32.0312]
[-9.8, -29.6875, 32.0312]
[-38.5, -2.34375, 32.4219]
[-35.7, -21.0938, 32.4219]
[-13.3, 10.9375, 32.8125]
[-0.7, -2.73438, 32.8125]
[0.7, -21.4844, 32.8125]
[-22.4, 9.375, 33.2031]
[-36.4, -9.375, 33.2031]
[-3.5, -25.7812, 33.2031]
[-2.1, 1.95312, 33.5938]
[1.4, -17.1875, 33.5938]
[-16.1, 11.3281, 33.9844]
[-5.96046e-08, -3.90625, 33.9844]
[-33.6, -22.6562, 33.9844]
[-7.7, 7.42188, 34.375]
[1.4, -10.9375, 34.375]
[-6.3, -26.5625, 34.375]
[-35, 1.17188, 34.7656]
[1.4, -17.9688, 34.7656]
[-18.9, 11.7188, 35.1562]
[-36.4, -5.85938, 35.1562]
[-34.3, -23.0469, 35.1562]
[-23.8, 7.42188, 35.5469]
[0.7, -11.3281, 35.5469]
[-12.6, -25.7812, 35.5469]
[-2.8, 2.73438, 35.9375]
[1.4, -16.7969, 35.9375]
[-18.2, -28.125, 35.9375]
[-2.1, 0, 36.3281]
[-35, -17.9688, 36.3281]
[-14.7, -28.9062, 36.3281]
[-31.5, 3.51562, 36.7188]
[-35, -14.8438, 36.7188]
[-23.8, -27.3438, 36.7188]
[-33.6, 1.5625, 37.1094]
[1.4, -17.1875, 37.1094]
[-22.4, -28.125, 37.1094]
[-26.6, 5.07812, 37.5]
[2.1, -13.2812, 37.5]
[-10.5, -26.5625, 37.5]
[-2.8, 1.17188, 37.8906]
[-34.3, -17.5781, 37.8906]
[-21.7, -28.125, 37.8906]
[-35.7, -3.51562, 38.2812]
[-1.4, -22.2656, 38.2812]
[-16.8, 9.76562, 38.6719]
[-5.96046e-08, -7.42188, 38.6719]
[-7.7, -23.4375, 38.6719]
[-11.2, 8.59375, 39.0625]
[-34.3, -9.375, 39.0625]
[-21.7, -23.8281, 39.0625]
[-23.8, 7.03125, 39.4531]
[-33.6, -11.7188, 39.4531]
[-30.8, -24.2188, 39.4531]
[-4.9, 5.46875, 39.8438]
[1.4, -13.6719, 39.8438]
[-11.9, -25, 39.8438]
[-31.5, 2.73438, 40.2344]
[0.7, -16.7969, 40.2344]
[-13.3, -26.1719, 40.2344]
[-34.3, -1.17188, 40.625]
[-1.4, -20.3125, 40.625]
[-17.5, -28.125, 40.625]
[-0.7, -5.46875, 41.0156]
[-8.4, -23.4375, 41.0156]
[-21.7, 8.59375, 41.4062]
[-0.7, -9.76562, 41.4062]
[-21, -24.2188, 41.4062]
[-4.9, 5.46875, 41.7969]
[-32.2, -13.6719, 41.7969]
[-11.2, -25.3906, 41.7969]
[-32.9, 1.5625, 42.1875]
[-5.96046e-08, -17.9688, 42.1875]
[-24.5, -26.9531, 42.1875]
[-4.2, 1.5625, 42.5781]
[-0.7, -17.5781, 42.5781]
[-23.8, -26.5625, 42.5781]
[-2.8, -1.17188, 42.9688]
[-35.7, -20.3125, 42.9688]
[-16.1, -27.3438, 42.9688]
[-34.3, -3.125, 43.3594]
[-35, -21.4844, 43.3594]
[-16.8, 8.98438, 43.75]
[-34.3, -8.20312, 43.75]
[-21, -23.8281, 43.75]
[-5.6, 4.6875, 44.1406]
[-32.2, -14.0625, 44.1406]
[-18.2, -25.7812, 44.1406]
[-32.2, -0.78125, 44.5312]
[-2.1, -20.3125, 44.5312]
[-16.1, 8.98438, 44.9219]
[-34.3, -7.8125, 44.9219]
[-34.3, -23.4375, 44.9219]
[-6.3, 5.85938, 45.3125]
[-32.9, -12.8906, 45.3125]
[-25.9, -25.3906, 45.3125]
[-33.6, 0.390625, 45.7031]
[-32.2, -19.1406, 45.7031]
[-20.3, -27.7344, 45.7031]
[-1.4, -6.64062, 46.0938]
[-14.7, -23.4375, 46.0938]
[-4.9, 4.6875, 46.4844]
[-32.2, -14.4531, 46.4844]
[-24.5, -26.1719, 46.4844]
[-33.6, -4.6875, 46.875]
[-34.3, -22.2656, 46.875]
[-4.9, 3.51562, 47.2656]
[-32.9, -15.625, 47.2656]
[-13.3, 10.1562, 47.6562]
[-1.4, -8.59375, 47.6562]
[-32.2, -24.6094, 47.6562]
[-2.8, -1.95312, 48.0469]
[-6.3, -20.7031, 48.0469]
[-4.9, 3.51562, 48.4375]
[-32.9, -15.625, 48.4375]
[-22.4, 8.20312, 48.8281]
[-1.4, -10.9375, 48.8281]
[-23.8, -25.7812, 48.8281]
[-33.6, -6.25, 49.2188]
[-11.2, -23.8281, 49.2188]
[-2.8, -2.34375, 49.6094]
[-7, -21.4844, 49.6094]
[-30.8, 1.5625, 50]
[-31.5, -17.5781, 50]
[-24.5, 5.85938, 50.3906]
[-32.2, -13.2812, 50.3906]
[-16.8, 9.375, 50.7812]
[-33.6, -6.25, 50.7812]
[-9.1, -23.0469, 50.7812]
[-28.7, 2.34375, 51.1719]
[-1.4, -16.0156, 51.1719]
[-21.7, 8.20312, 51.5625]
[-3.5, -1.95312, 51.5625]
[-28.7, -20.3125, 51.5625]
[-15.4, 6.25, 51.9531]
[-5.6, -2.73438, 51.9531]
[-11.9, -19.9219, 51.9531]
[-14.7, 5.46875, 52.3438]
[-3.5, -4.29688, 52.3438]
[-5.6, -19.1406, 52.3438]
[-15.4, 5.07812, 52.7344]
[-21, 3.125, 52.7344]
[-21, 1.5625, 52.7344]
[-14, 0, 52.7344]
[-25.2, -1.17188, 52.7344]
[-11.2, -2.73438, 52.7344]
[-13.3, -3.90625, 52.7344]
[-5.6, -5.07812, 52.7344]
[-14.7, -5.85938, 52.7344]
[-23.1, -6.64062, 52.7344]
[-30.8, -7.42188, 52.7344]
[-5.6, -8.59375, 52.7344]
[-11.9, -9.375, 52.7344]
[-18.2, -10.1562, 52.7344]
[-25.2, -10.9375, 52.7344]
[-2.8, -12.1094, 52.7344]
[-11.9, -12.8906, 52.7344]
[-21.7, -13.6719, 52.7344]
[-31.5, -14.4531, 52.7344]
[-11.9, -15.625, 52.7344]
[-22.4, -16.4062, 52.7344]
[-7, -17.5781, 52.7344]
[-25.2, -18.3594, 52.7344]
